COSMOS 2426 (717)       
1 29671U 06062B   19230.67516995  .00000021  00000-0  10000-3 0  9999
2 29671  65.0894 278.1791 0021142 179.3872  94.6405  2.12961896 98426
COSMOS 2433 (720)       
1 32275U 07052A   19230.77915618 -.00000034  00000-0  10000-3 0  9994
2 32275  65.8794  39.0481 0001495 197.5045 141.5389  2.13104374 91933
COSMOS 2432 (719)       
1 32276U 07052B   19230.83291655 -.00000034  00000-0  10000-3 0  9990
2 32276  65.8911  39.1301 0009101 342.1162 349.1377  2.13103683 91932
COSMOS 2434 (721)       
1 32393U 07065A   19230.63528282  .00000022  00000-0  00000-0 0  9993
2 32393  64.6950 276.8483 0003004 147.3055 328.7954  2.13103043 90646
COSMOS 2436 (723)       
1 32395U 07065C   19230.80735061  .00000022  00000-0  10000-3 0  9993
2 32395  64.7040 276.8989 0014584 352.9882 307.7081  2.13104379 90570
COSMOS 2456 (730)       
1 36111U 09070A   19230.48632207  .00000017  00000-0  00000-0 0  9993
2 36111  64.2050 156.4949 0005422 310.5780 224.4064  2.13103013 75307
COSMOS 2457 (733)       
1 36112U 09070B   19230.85881735  .00000019  00000-0  00000-0 0  9999
2 36112  64.1869 156.3824 0004998 181.7416  43.7642  2.13101530 75314
COSMOS 2459 (731)       
1 36400U 10007A   19230.60718701 -.00000036  00000-0  10000-3 0  9990
2 36400  65.7799  38.0625 0024934 355.6529  66.9628  2.13102087 73662
COSMOS 2461 (735)       
1 36401U 10007B   19230.69703906 -.00000036  00000-0  10000-3 0  9991
2 36401  65.7765  38.0307 0008888  74.9861 327.0949  2.13102053 73663
COSMOS 2460 (732)       
1 36402U 10007C   19230.55096167 -.00000037  00000-0  10000-3 0  9992
2 36402  65.7665  37.9998 0002444 108.3098 221.4328  2.13101423 73650
COSMOS 2464 (736)       
1 37139U 10041C   19230.81988300  .00000022  00000-0  00000-0 0  9995
2 37139  64.2953 276.4334 0023368   8.3218 115.2234  2.13100700 69734
COSMOS 2474 (742)       
1 37829U 11055A   19230.72935932  .00000020  00000-0  00000-0 0  9998
2 37829  64.5267 157.3839 0009887 250.3754 327.1942  2.13101855 61309
COSMOS 2476 (744)       
1 37867U 11064A   19230.51613676  .00000018  00000-0  00000-0 0  9992
2 37867  64.5052 157.4413 0020022 241.9755 218.1856  2.13101971 60652
COSMOS 2477 (745)       
1 37868U 11064B   19230.85555108  .00000020  00000-0  00000-0 0  9998
2 37868  64.5145 157.4835 0017664 243.6533 295.5410  2.13101800 60617
COSMOS 2475 (743)       
1 37869U 11064C   19230.41084867  .00000018  00000-0  00000-0 0  9997
2 37869  64.5215 157.4968 0022012 264.9809 250.2010  2.13102204 60611
COSMOS 2485 (747)       
1 39155U 13019A   19230.53822586  .00000019  00000-0  00000-0 0  9991
2 39155  64.6748 157.6432 0020442 237.6124 284.1973  2.13102021 49127
COSMOS 2492 (754)       
1 39620U 14012A   19230.69932293 -.00000036  00000-0  10000-3 0  9990
2 39620  65.6538  37.8198 0012049 333.8154 346.6709  2.13103302 42077
COSMOS 2500 (755)       
1 40001U 14032A   19230.26645818 -.00000039  00000-0  00000-0 0  9993
2 40001  65.5978  37.7720 0006256 184.7979  24.9059  2.13102613 40289
COSMOS 2501 (702K)      
1 40315U 14075A   19230.60869678  .00000019  00000-0  00000-0 0  9995
2 40315  64.0165 277.4985 0017676 209.3016  60.3989  2.13098686 36699
COSMOS 2514 (751)       
1 41330U 16008A   19229.68512023 -.00000042  00000-0  00000-0 0  9993
2 41330  65.3955  37.7395 0009216 201.9584 103.5589  2.13102942 27438
COSMOS 2516 (753)       
1 41554U 16032A   19230.60182941  .00000020  00000-0  00000-0 0  9999
2 41554  64.2382 277.4846 0014657 219.4054 319.9594  2.13101747 25061
COSMOS 2522 (752)       
1 42939U 17055A   19230.51425829  .00000020  00000-0  00000-0 0  9998
2 42939  64.4706 277.5776 0009471 241.4381  97.2425  2.13101923 14816
COSMOS 2527 (756)       
1 43508U 18053A   19230.78684600  .00000020  00000-0  00000-0 0  9993
2 43508  64.8367 157.4188 0007980 238.9688 340.1708  2.13102663  9116
COSMOS 2529 (757)       
1 43687U 18086A   19230.79889876  .00000021  00000-0  00000-0 0  9991
2 43687  64.6823 277.6096 0011496 263.6181 249.1283  2.13102038  6133
COSMOS 2534 (758)       
1 44299U 19030A   19230.57392767  .00000021  00000-0  00000-0 0  9995
2 44299  64.7527 277.4053 0014168 281.8426 193.5187  2.13101920  1778
