SCD 1                   
1 22490U 93009B   19230.95958543  .00000214  00000-0  88624-5 0  9991
2 22490  24.9699 101.4876 0043144  64.2145  56.5105 14.44555757400073
TECHSAT 1B (GO-32)      
1 25397U 98043D   19230.83413776 -.00000013  00000-0  13386-4 0  9994
2 25397  98.6907 170.2455 0000966 160.1915 199.9301 14.23669038 96576
SCD 2                   
1 25504U 98060A   19230.63087459  .00000226  00000-0  12902-4 0  9994
2 25504  24.9961 311.6532 0017435  83.2980  65.2281 14.44073237 99355
LANDSAT 7               
1 25682U 99020A   19230.83605279 -.00000013  00000-0  70372-5 0  9997
2 25682  98.1252 296.7518 0001556  82.5287 277.6082 14.57156268 82028
DLR-TUBSAT              
1 25757U 99029B   19230.75966291 -.00000022  00000-0  59352-5 0  9999
2 25757  98.4102 152.8432 0015146  40.5138 319.7181 14.51405607 71444
TERRA                   
1 25994U 99068A   19230.85709462  .00000006  00000-0  11317-4 0  9990
2 25994  98.2029 304.4785 0001058 115.7713 244.3579 14.57116512 46109
MAROC-TUBSAT            
1 27004U 01056D   19230.90452580 -.00000039  00000-0  52206-5 0  9996
2 27004  99.4737   3.5301 0020705  81.6019  29.7576 13.70136015884604
AQUA                    
1 27424U 02022A   19230.95831833  .00000036  00000-0  18070-4 0  9999
2 27424  98.2052 170.8879 0001064 158.6932 270.4572 14.57110699919674
IRS-P6 (RESOURCESAT-1)  
1 28051U 03046A   19230.86961826 -.00000026  00000-0  61371-5 0  9992
2 28051  98.5167 307.6137 0057565 206.5059 153.3175 14.34162661822872
SHIYAN 1 (SY-1)         
1 28220U 04012A   19230.89096800 -.00000007  00000-0  43074-5 0  9997
2 28220  97.7999 193.2750 0004971 312.7170  47.3634 14.99835727835092
FORMOSAT-2 (ROCSAT 2)   
1 28254U 04018A   19212.14751580 -.00000040  00000-0  99766-6 0  9998
2 28254  98.7667 254.7460 0002856 129.7973 295.3284 14.00726531776948
AURA                    
1 28376U 04026A   19230.95070290  .00000046  00000-0  20221-4 0  9996
2 28376  98.2051 173.0370 0001265  88.1348 271.9995 14.57110823802723
IRS-P5 (CARTOSAT-1)     
1 28649U 05017A   19230.81677965 -.00000041  00000-0  14491-5 0  9996
2 28649  97.8524 300.5158 0001928  41.8090 318.3259 14.83647009773493
SINAH 1                 
1 28893U 05043D   19230.91058856 -.00000019  00000-0  53749-5 0  9993
2 28893  97.9822   6.1160 0015456 171.9324 188.2129 14.61508433735989
EROS B                  
1 29079U 06014A   19230.91176331  .00000815  00000-0  36560-4 0  9992
2 29079  97.4275 349.1354 0001407 279.1905 195.3588 15.24004239739027
RESURS-DK 1             
1 29228U 06021A   19230.43561068 -.00000018  00000-0  60189-5 0  9999
2 29228  69.9339 241.8987 0006730 232.2644 127.7907 15.02456245727083
ARIRANG-2 (KOMPSAT-2)   
1 29268U 06031A   19230.86450628  .00000038  00000-0  16567-4 0  9991
2 29268  98.0234 121.3558 0018794  37.8917 322.3600 14.62443107696845
LAPAN-TUBSAT            
1 29709U 07001A   19230.85037542 -.00000022  00000-0  37579-5 0  9995
2 29709  97.8126 191.6565 0013546  27.7786 332.4156 14.82183024681395
CARTOSAT-2 (IRS-P7)     
1 29710U 07001B   19230.86136692 -.00000050  00000-0  16551-6 0  9993
2 29710  97.9619 289.3382 0000620 119.6875 240.4378 14.78664476680333
HAIYANG-1B              
1 31113U 07010A   19230.93031743 -.00000016  00000-0  10358-4 0  9991
2 31113  98.4491 277.9935 0014404  33.6818 326.5278 14.30228088644766
COSMO-SKYMED 1          
1 31598U 07023A   19230.81536895  .00000340  00000-0  49210-4 0  9995
2 31598  97.8912  53.3266 0001346  96.5133 263.6245 14.82154928659855
TERRASAR-X              
1 31698U 07026A   19230.67708333 -.00000043  00000-0  11569-5 0  9999
2 31698  97.4455 237.0393 0001701  90.8257 175.1385 15.19149686675176
WORLDVIEW-1 (WV-1)      
1 32060U 07041A   19230.91811734  .00000291  00000-0  14744-4 0  9998
2 32060  97.3973 349.7467 0001557  69.0949 291.0455 15.24439995662939
YAOGAN 3                
1 32289U 07055A   19230.87539875  .00000288  00000-0  44090-4 0  9997
2 32289  98.0022 241.4390 0000925 101.0036 259.1269 14.80970532636050
COSMO-SKYMED 2          
1 32376U 07059A   19230.84912969 -.00000251  00000-0 -25019-4 0  9996
2 32376  97.8908  53.3595 0001453  91.4254 268.7130 14.82149868632607
RADARSAT-2              
1 32382U 07061A   19230.93386135  .00000214  00000-0  10000-3 0  9996
2 32382  98.5758 236.9506 0001122 102.0119 289.2160 14.29985878609591
CARTOSAT-2A             
1 32783U 08021A   19230.90725998 -.00000171  00000-0 -16208-4 0  9990
2 32783  97.9682 289.7425 0011721 268.9041  91.0808 14.78656330610281
JASON-2 (OSTM)          
1 33105U 08032A   19230.94149113 -.00000060  00000-0  75635-5 0  9990
2 33105  66.0387 255.3690 0008506 266.1381 165.5418 12.87626965522595
RAPIDEYE 2              
1 33312U 08040A   19230.92372691  .00000040  00000-0  10910-4 0  9997
2 33312  97.7409 297.8724 0012805 289.3826  70.5982 14.84652331592658
RAPIDEYE 5              
1 33313U 08040B   19230.88016426 -.00000135  00000-0 -96884-5 0  9996
2 33313  97.7472 296.7397 0016522 169.0463 191.1128 14.84651798592595
RAPIDEYE 1              
1 33314U 08040C   19230.75479846 -.00000362  00000-0 -36235-4 0  9997
2 33314  97.7471 297.5145 0025782 304.0868 167.4096 14.84647504592616
RAPIDEYE 3              
1 33315U 08040D   19230.90402173  .00000271  00000-0  38248-4 0  9997
2 33315  97.7468 296.6506 0012835 247.8137 112.1704 14.84653780592607
RAPIDEYE 4              
1 33316U 08040E   19230.82459287  .00000428  00000-0  56731-4 0  9998
2 33316  97.7501 296.4675 0010587 190.6124 169.4857 14.84657528592589
HUANJING 1A (HJ-1A)     
1 33320U 08041A   19230.84465806 -.00000011  00000-0  56048-5 0  9991
2 33320  97.8345 287.4985 0025348 344.6777  15.3651 14.77034836589783
HUANJING 1B (HJ-1B)     
1 33321U 08041B   19230.86844304  .00000033  00000-0  11914-4 0  9993
2 33321  97.8418 289.4633 0034682   3.5678 356.5768 14.77150460589780
GEOEYE 1                
1 33331U 08042A   19230.86971686 -.00000088  00000-0 -76048-5 0  9991
2 33331  98.0950 304.3728 0008079 294.2669  65.7662 14.64396408585101
THEOS                   
1 33396U 08049A   19230.85142757  .00000169  00000-0  10000-3 0  9999
2 33396  98.6811 296.7314 0001165 104.7732   4.5224 14.20051151563975
COSMO-SKYMED 3          
1 33412U 08054A   19230.83225176 -.00000100  00000-0 -60444-5 0  9995
2 33412  97.8901  53.3471 0001499  98.7821 261.3579 14.82156008585062
YAOGAN 4                
1 33446U 08061A   19230.90879159  .00000011  00000-0  84114-5 0  9993
2 33446  97.6797 195.1025 0014771 243.3706 116.5992 14.76967229577022
GOSAT (IBUKI)           
1 33492U 09002A   19230.91471360  .00000043  00000-0  15969-4 0  9999
2 33492  98.0402 342.1065 0001224  82.5970 277.5374 14.67564703565630
YAOGAN 6                
1 34839U 09021A   19230.94550788  .00000274  00000-0  12963-4 0  9998
2 34839  97.0519 251.4388 0028804  25.9581 334.3096 15.26620830573470
DEIMOS-1                
1 35681U 09041A   19230.87399847  .00000028  00000-0  12122-4 0  9999
2 35681  97.8544 110.6595 0000958  14.8390 345.2839 14.71795585539739
DUBAISAT-1              
1 35682U 09041B   19230.50375676 -.00000098  00000-0 -90649-5 0  9994
2 35682  97.7291  60.6133 0012241 134.4251 225.7951 14.68741820538503
OCEANSAT-2              
1 35931U 09051A   19230.85928963  .00000052  00000-0  24316-4 0  9998
2 35931  98.3019 325.1529 0000397 197.2108 162.9074 14.50835636524390
WORLDVIEW-2 (WV-2)      
1 35946U 09055A   19230.89524155 -.00000066  00000-0 -74808-5 0  9996
2 35946  98.4336 305.4241 0002047 154.1592 205.9683 14.37672316517401
SMOS                    
1 36036U 09059A   19230.69125607  .00000017  00000-0  19344-4 0  9995
2 36036  98.4452  57.0681 0001307  89.3460 270.7878 14.39761021514654
YAOGAN 7                
1 36110U 09069A   19230.87379496 -.00000002  00000-0  77135-5 0  9994
2 36110  98.2727  55.0273 0025210 104.5035 255.8980 14.75127555521746
TANDEM-X                
1 36605U 10030A   19230.67708333 -.00000084  00000-0 -78601-6 0  9998
2 36605  97.4455 237.0428 0002064  91.6953 174.2697 15.19149539507912
CARTOSAT-2B             
1 36795U 10035A   19230.87630987  .00000962  00000-0  13819-3 0  9994
2 36795  97.9662 289.3319 0014130 350.6043   9.4887 14.78665827491325
YAOGAN 10               
1 36834U 10038A   19230.91600485  .00000017  00000-0  89908-5 0  9991
2 36834  97.9685 230.8281 0001067  84.6797 275.4542 14.80927522487805
COSMO-SKYMED 4          
1 37216U 10060A   19230.86179278 -.00000014  00000-0  47560-5 0  9992
2 37216  97.8912  53.3723 0001350  87.5771 272.5599 14.82151925475153
RESOURCESAT-2           
1 37387U 11015A   19230.87109482 -.00000049  00000-0 -25130-5 0  9991
2 37387  98.7135 305.1963 0004456 165.2482 194.8811 14.21627870432309
HAIYANG 2A              
1 37781U 11043A   19230.90495340  .00000047  00000-0  89622-4 0  9996
2 37781  99.3185 238.8121 0001606  83.1119 277.0211 13.78722065403215
RASAT                   
1 37791U 11044D   19230.86315659 -.00000022  00000-0  48378-5 0  9995
2 37791  98.1203 322.9180 0022609 143.6346 216.6389 14.64728295427807
MEGHA-TROPIQUES         
1 37838U 11058A   19230.62311362  .00000380  00000-0  65530-4 0  9997
2 37838  19.9791  45.1254 0009331 110.8716 249.2688 14.09709423337818
SRMSAT                  
1 37841U 11058D   19230.62258071  .00000287  00000-0  12436-4 0  9991
2 37841  19.9734  23.3197 0011840 145.8922 298.3456 14.10636414405217
YAOGAN 13               
1 37941U 11072A   19230.87537388  .00000285  00000-0  17322-4 0  9993
2 37941  97.5282 162.3860 0002972  57.1082  28.1219 15.18045892427917
PLEIADES 1A             
1 38012U 11076F   19230.82908236 -.00000606  00000-0 -12070-3 0  9999
2 38012  98.1967 304.7074 0001105  78.8701 281.2680 14.58528686408405
ZIYUAN 1-02C (ZY 1-02C) 
1 38038U 11079A   19230.88030627 -.00000520  00000-0 -16566-3 0  9995
2 38038  98.7375 275.7947 0008162  85.6997 274.4988 14.35261133401225
ZIYUAN 3 (ZY 3)         
1 38046U 12001A   19230.86099506  .00000322  00000-0  17483-4 0  9997
2 38046  97.4522 303.9263 0004031 151.3399 318.5870 15.21318974422468
RISAT-1                 
1 38248U 12017A   19230.94008352 -.00000022  00000-0  25666-5 0  9997
2 38248  97.5702 238.8618 0003825 183.6952 176.4250 15.09858971402818
ARIRANG-3 (KOMPSAT-3)   
1 38338U 12025B   19230.84886772  .00000003  00000-0  10039-4 0  9990
2 38338  98.1629 167.9349 0010380  17.3395 342.8162 14.61764924386974
KANOPUS-V 1             
1 38707U 12039A   19230.89312271  .00000177  00000-0  11682-4 0  9995
2 38707  97.4540 148.6952 0001808  90.9507 329.8160 15.19017738392429
EXACTVIEW-1 (ADS-1B)    
1 38709U 12039C   19230.79120836 -.00000037  00000-0  44849-5 0  9998
2 38709  99.1378 247.5751 0011601 137.7133 222.4936 14.23996889367633
SPOT 6                  
1 38755U 12047A   19230.79780894 -.00000046  00000-0 -32444-7 0  9995
2 38755  98.2083 297.1462 0001394  79.3936  32.6392 14.58547149369477
PLEIADES 1B             
1 39019U 12068A   19230.86312969 -.00000060  00000-0 -30604-5 0  9994
2 39019  98.1956 304.7188 0001192  85.8583 274.2746 14.58556810357261
GOKTURK 2               
1 39030U 12073A   19230.88136208  .00000011  00000-0  94447-5 0  9994
2 39030  97.9856 119.3939 0002662  63.7757 296.3732 14.72743851357220
LANDSAT 8               
1 39084U 13008A   19230.87947487  .00000008  00000-0  11894-4 0  9990
2 39084  98.2217 300.0722 0001361  88.3629 271.7717 14.57106792346496
SARAL                   
1 39086U 13009A   19230.93493151 -.00000037  00000-0  24385-5 0  9997
2 39086  98.5426  56.1692 0002101  80.6987 279.4434 14.32009355338563
GAOFEN 1                
1 39150U 13018A   19230.86266774 -.00000030  00000-0  30116-5 0  9992
2 39150  97.8988 309.8930 0019508  22.7079 337.4987 14.76536099340212
VNREDSAT 1              
1 39160U 13021B   19230.83746690  .00000001  00000-0  93425-5 0  9993
2 39160  98.1805 305.6887 0001841 102.4823 257.6577 14.62882640335497
ARIRANG-5 (KOMPSAT-5)   
1 39227U 13042A   19230.85292336 -.00000216  00000-0 -11127-4 0  9993
2 39227  97.6195  54.1706 0001647  81.3054  30.8679 15.04508611328876
YAOGAN 18               
1 39363U 13059A   19230.91346009  .00000114  00000-0  87201-5 0  9998
2 39363  97.2937 286.0068 0000826  50.3227  48.7961 15.18186091321582
SKYSAT-1                
1 39418U 13066C   19230.80107805 -.00000662  00000-0 -49769-4 0  9990
2 39418  97.6507 311.5121 0021886 137.6122 222.6796 14.98855635313793
DUBAISAT-2              
1 39419U 13066D   19230.86531969  .00000455  00000-0  47748-4 0  9992
2 39419  97.5880 291.1295 0015086 137.9278 222.3105 14.94017336312842
GPM-CORE                
1 39574U 14009C   19230.91280972  .00001300  00000-0  22953-4 0  9994
2 39574  65.0052 103.9891 0011823 289.1989  70.7877 15.55896575310826
SENTINEL-1A             
1 39634U 14016A   19230.87605578 -.00000030  00000-0  32783-5 0  9990
2 39634  98.1833 237.2033 0001179  89.5099 270.6229 14.59197757286297
KAZEOSAT 1              
1 39731U 14024A   19230.89022020 -.00000038  00000-0  14966-5 0  9995
2 39731  98.3521 306.0839 0001150 100.3259 259.8056 14.42045933279131
ALOS-2                  
1 39766U 14029A   19230.83961987  .00000044  00000-0  12731-4 0  9999
2 39766  97.9239 326.7919 0001337  91.4565 268.6802 14.79471147282800
KAZEOSAT 2              
1 40010U 14033A   19230.87468013 -.00000011  00000-0  51598-5 0  9994
2 40010  97.8325 128.7609 0015221 209.5575 150.4777 14.82068094279357
HODOYOSHI-4             
1 40011U 14033B   19230.86807099  .00000042  00000-0  12056-4 0  9993
2 40011  97.8092 122.4665 0025882 209.3934 150.5825 14.81119266279085
DEIMOS-2                
1 40013U 14033D   19230.86516614  .00000127  00000-0  21346-4 0  9991
2 40013  97.8349 133.9127 0000381  70.3103 289.8152 14.84553794279825
HODOYOSHI-3             
1 40015U 14033F   19230.67098163  .00000046  00000-0  13260-4 0  9992
2 40015  97.7782 112.0372 0036030 225.3455 134.4818 14.78543544278546
SPOT 7                  
1 40053U 14034A   19230.87820858 -.00000056  00000-0 -21327-5 0  9998
2 40053  98.2244 296.8995 0001169 104.9894 255.1424 14.58536797273429
SKYSAT-2                
1 40072U 14037D   19230.92585423  .00000027  00000-0  11013-4 0  9990
2 40072  98.4350  27.8855 0007103  37.3757 322.7946 14.81199564276233
WORLDVIEW-3 (WV-3)      
1 40115U 14048A   19228.19340212 -.00000053  00000-0 -50713-8 0  9996
2 40115  97.8102 305.7432 0000579 119.7076 240.4212 14.85023344271342
GAOFEN 2                
1 40118U 14049A   19230.89013063 -.00000017  00000-0  44627-5 0  9994
2 40118  97.8697 309.5324 0008993  78.1493 282.0700 14.80637195270157
YAOGAN 21               
1 40143U 14053A   19230.89708769  .00000322  00000-0  16520-4 0  9999
2 40143  97.4810 294.4562 0016029 252.6503 193.9215 15.23510903275188
YAOGAN 22               
1 40275U 14063A   19230.71428649 -.00000045  00000-0  00000-0 0  9998
2 40275 100.4746 342.6610 0006461  74.1604 286.0226 13.15337006231835
ASNARO                  
1 40298U 14070A   19230.85410791  .00000338  00000-0  19038-4 0  9994
2 40298  97.4417 312.8620 0001203  93.9497  16.3112 15.19608395265235
HODOYOSHI-1             
1 40299U 14070B   19230.86594956  .00000265  00000-0  14040-4 0  9999
2 40299  97.3479 309.3470 0012880 179.3125 273.3771 15.23410830265581
QSAT-EOS                
1 40301U 14070D   19230.88979066  .00000853  00000-0  35652-4 0  9999
2 40301  97.3255 306.8756 0025788 178.8218 294.7924 15.26035588265622
YAOGAN 23               
1 40305U 14071A   19230.84986924  .00000116  00000-0  90436-5 0  9995
2 40305  97.4930 167.6721 0002273  83.7957   1.0153 15.17941683263678
YAOGAN 24               
1 40310U 14072A   19230.88357361  .00000021  00000-0  10313-4 0  9993
2 40310  97.8644 355.2870 0017972  29.3316 330.8895 14.76296699255746
CBERS 4                 
1 40336U 14079A   19230.88480907  .00000397  00000-0  15386-3 0  9991
2 40336  98.6009 299.2541 0000415  60.9474 299.1754 14.35400835246138
RESURS P2               
1 40360U 14087A   19230.86779537  .00000289  00000-0  11367-4 0  9991
2 40360  97.2593 320.4286 0009174 181.7386 288.6796 15.33169691259792
YAOGAN 26               
1 40362U 14088A   19230.88111453  .00000333  00000-0  16726-4 0  9997
2 40362  97.2857 303.4029 0010976 117.2411  13.8489 15.23658517258647
SMAP                    
1 40376U 15003A   19230.86664853  .00000012  00000-0  11349-4 0  9995
2 40376  98.1234 236.8790 0001082 126.2303 233.8996 14.63379747242821
KOMPSAT-3A              
1 40536U 15014A   19230.81873367  .00000347  00000-0  23788-4 0  9993
2 40536  97.5542 168.5149 0012236 106.5164 337.9060 15.12293880242839
SENTINEL-2A             
1 40697U 15028A   19230.90684569 -.00000020  00000-0  90822-5 0  9993
2 40697  98.5653 304.4957 0000990  97.4213 262.7075 14.30819894217051
GAOFEN 8                
1 40701U 15030A   19229.18957953 -.00001915  00000-0 -77250-4 0  9994
2 40701  97.4425 348.6339 0012195 133.2423 320.4006 15.23476280230768
CARBONITE 1 (CBNT-1)    
1 40718U 15032D   19230.90524941  .00000070  00000-0  17837-4 0  9997
2 40718  97.8772 115.8077 0017965 107.0189 253.2994 14.74714593221076
YAOGAN 27               
1 40878U 15040A   19230.73018621 -.00000044  00000-0  00000-0 0  9999
2 40878 100.2840 283.3374 0008578 195.4477 164.6375 13.15962403191062
GAOFEN 9                
1 40894U 15047A   19230.85261946 -.00000022  00000-0  42917-5 0  9991
2 40894  97.9162 311.7462 0032570 309.1547  50.6766 14.76290555211683
LAPAN-A2                
1 40931U 15052B   19230.86619213  .00000622  00000-0 -24761-5 0  9997
2 40931   6.0016 340.4084 0013761 302.9710 339.0384 14.76611187210314
YAOGAN 28               
1 41026U 15064A   19230.91349154  .00000304  00000-0  15644-4 0  9991
2 41026  97.4153   0.4815 0002951  95.8820  18.5493 15.23525057210874
YAOGAN 29               
1 41038U 15069A   19230.89701403 -.00000023  00000-0  37967-5 0  9997
2 41038  97.9797 214.9144 0001839 108.2555 251.8858 14.80414514201369
KENT RIDGE 1            
1 41167U 15077B   19230.94750832  .00000793  00000-0  83569-5 0  9997
2 41167  14.9848 173.0668 0011011 137.9529 275.5163 15.09052612202864
TELEOS 1                
1 41169U 15077D   19230.05990741  .00001183  00000-0  30880-4 0  9997
2 41169  14.9793 168.4839 0008986 136.0331  19.3457 15.10278304202827
GAOFEN 4                
1 41194U 15083A   19230.92609753 -.00000343  00000-0  00000-0 0  9993
2 41194   0.0826 271.5831 0005385 295.5776 198.9542  1.00273691 13489
JASON-3                 
1 41240U 16002A   19230.87147340 -.00000052  00000-0  40324-4 0  9994
2 41240  66.0397 275.7075 0008336 267.9977  92.0083 12.80929547167670
SENTINEL-3A             
1 41335U 16011A   19230.90720511  .00000000  00000-0  18155-4 0  9999
2 41335  98.6199 296.9917 0001137  86.5528 273.5782 14.26739924182393
SENTINEL-1B             
1 41456U 16025A   19230.90985762 -.00000043  00000-0  65853-6 0  9996
2 41456  98.1830 237.0617 0001204  87.4267 272.7068 14.59197661176463
ZIYUAN 3-2 (ZY 3-2)     
1 41556U 16033A   19230.90315632  .00000214  00000-0  12591-4 0  9997
2 41556  97.3955 307.0577 0002610  30.2633  74.1582 15.21318926178760
NUSAT-1 (FRESCO)        
1 41557U 16033B   19230.91141433  .00000720  00000-0  29607-4 0  9993
2 41557  97.4174 318.0572 0015494  83.0326 277.2675 15.27308144179432
NUSAT-2 (BATATA)        
1 41558U 16033C   19230.93503413  .00000745  00000-0  28902-4 0  9990
2 41558  97.4203 319.3258 0014539  83.2694 277.0200 15.29217422179498
CARTOSAT-2C             
1 41599U 16040A   19230.91664352  .00000186  00000-0  12105-4 0  9998
2 41599  97.4943 288.7180 0014006 181.1880 161.5254 15.19220244175005
SKYSAT-C1               
1 41601U 16040C   19230.90867005  .00000193  00000-0  10935-4 0  9998
2 41601  97.4052 308.7434 0001241 128.6648 350.7377 15.23716633175386
LAPAN-A3                
1 41603U 16040E   19230.88418817  .00000111  00000-0  83107-5 0  9992
2 41603  97.3563 288.0729 0013503 178.0459 295.6927 15.19732184175038
BIROS                   
1 41604U 16040F   19230.88275338  .00000210  00000-0  12284-4 0  9999
2 41604  97.3597 290.8389 0012833 163.7107 196.4545 15.21757497175205
GAOFEN 3                
1 41727U 16049A   19230.87413533 -.00000044  00000-0 -20070-6 0  9995
2 41727  98.4139 237.7047 0001367 111.5554 248.5780 14.42213923159118
SKYSAT-C4               
1 41771U 16058B   19230.90869535  .00000302  00000-0  15553-4 0  9998
2 41771  97.3971 301.1775 0001659  91.9526 268.1901 15.23565251162321
SKYSAT-C5               
1 41772U 16058C   19230.87761082  .00000167  00000-0  99288-5 0  9990
2 41772  97.3971 300.6826 0001315 101.9374 347.6939 15.23417005162311
SKYSAT-C2               
1 41773U 16058D   19230.82083144  .00000246  00000-0  13230-4 0  9992
2 41773  97.3993 301.2573 0001922  93.9494 266.1962 15.23444978162319
SKYSAT-C3               
1 41774U 16058E   19230.83300622  .00000229  00000-0  12496-4 0  9991
2 41774  97.4004 301.2853 0001227  80.5102 279.6274 15.23512292162311
ALSAT 1B                
1 41785U 16059C   19230.81640196 -.00000025  00000-0  43123-5 0  9992
2 41785  98.0607 289.4466 0031085 187.0106 173.0659 14.63324776154493
PATHFINDER 1            
1 41787U 16059E   19230.73229424 -.00000023  00000-0  48387-5 0  9997
2 41787  98.0643 290.0884 0029970 186.4691 173.6124 14.63679715154511
SCATSAT 1               
1 41790U 16059H   19230.82188466  .00001812  00000-0  46986-3 0  9998
2 41790  98.2054 274.4153 0006173 123.9891 236.1851 14.50919325153191
WORLDVIEW-4 (WV-4)      
1 41848U 16067A   19230.79678319 -.00000072  00000-0  00000-0 0  9990
2 41848  97.8590 313.1945 0019146  78.0160 282.2844 15.14241390150178
GOKTURK 1A              
1 41875U 16073A   19230.89838959  .00000018  00000-0  12621-4 0  9991
2 41875  98.1273 124.5480 0001178  71.9186 288.2148 14.62783048144184
RESOURCESAT-2A          
1 41877U 16074A   19230.82528314 -.00000056  00000-0 -56779-5 0  9995
2 41877  98.6310 302.3496 0001228 122.2111 237.9182 14.21665176139909
CARTOSAT-2D             
1 41948U 17008A   19230.75836974  .00000124  00000-0  90242-5 0  9995
2 41948  97.3919 289.8176 0006041 349.6866  10.4264 15.19288313138853
SENTINEL-2B             
1 42063U 17013A   19230.87191430 -.00000028  00000-0  60678-5 0  9998
2 42063  98.5661 304.4754 0001075  87.3254 272.8044 14.30820050127966
ZHUHAI-1 02 (CAS 4B)    
1 42759U 17034B   19230.93620869  .00000086  00000-0  18781-4 0  9993
2 42759  43.0179 254.4050 0012813 278.3471 150.6670 15.09613505120092
NUSAT-3 (MILANESAT)     
1 42760U 17034C   19230.93025851  .00000184  00000-0  24518-4 0  9999
2 42760  43.0159 254.2726 0011184 293.4053 134.7491 15.10051643120101
ZHUHAI-1 01 (CAS 4A)    
1 42761U 17034D   19230.78296332 -.00000146  00000-0  46219-5 0  9999
2 42761  43.0184 254.7459 0013086 278.0740 254.7533 15.09688859120061
CARTOSAT-2E             
1 42767U 17036C   19230.97038849  .00000277  00000-0  16405-4 0  9992
2 42767  97.4679 289.0856 0010426  24.2156 335.9567 15.19247961119454
FORMOSAT-5              
1 42920U 17049A   19230.85524705 -.00000051  00000-0 -16247-5 0  9992
2 42920  98.3281 308.4882 0010665 174.7805 185.3498 14.50842550104998
SENTINEL-5P             
1 42969U 17064A   19230.95675562 -.00000018  00000-0  12356-4 0  9999
2 42969  98.7378 169.5704 0001165  88.8364 271.2946 14.19543121 95697
SKYSAT-C11              
1 42987U 17068A   19230.89885469  .00000230  00000-0  13161-4 0  9995
2 42987  97.4374 343.8235 0008823  13.5979 346.5493 15.21883914 99700
SKYSAT-C10              
1 42988U 17068B   19230.88569093  .00000235  00000-0  13374-4 0  9998
2 42988  97.4370 343.7033 0004968  45.1454 315.0184 15.21868338 99708
SKYSAT-C9               
1 42989U 17068C   19230.87614746  .00000245  00000-0  13805-4 0  9994
2 42989  97.4389 344.1716 0001804  87.2530 272.8912 15.21867122 99721
SKYSAT-C8               
1 42990U 17068D   19230.86782206  .00000247  00000-0  13907-4 0  9997
2 42990  97.4400 344.0606 0005291  72.6350 287.5465 15.21859136 99717
SKYSAT-C7               
1 42991U 17068E   19230.85715461  .00000235  00000-0  13400-4 0  9991
2 42991  97.4393 344.0562 0007510  73.5418 286.6642 15.21789257 99714
SKYSAT-C6               
1 42992U 17068F   19230.91084007  .00000253  00000-0  14222-4 0  9997
2 42992  97.4395 344.3086 0013095 119.9680 240.2857 15.21819091 99738
CARTOSAT-2F             
1 43111U 18004A   19230.82872522  .00000608  00000-0  32030-4 0  9990
2 43111  97.4299 291.3853 0005421  53.7517  38.4956 15.19275102 88614
MICROSAT-TD             
1 43128U 18004T   19230.69296425  .00012910  00000-0  10294-3 0  9991
2 43128  96.8001 285.4980 0007261 241.8696 118.1835 15.71244063 91585
NUSAT-4 (ADA)           
1 43195U 18015D   19230.90904366  .00000532  00000-0  24935-4 0  9996
2 43195  97.4035 357.6253 0019360  86.1543  27.9704 15.23854431 85658
NUSAT-5 (MARYAM)        
1 43204U 18015K   19230.87306363  .00000591  00000-0  27207-4 0  9996
2 43204  97.4041 357.6865 0019005  88.4607  28.6640 15.24055894 85257
GAOFEN 1-02             
1 43259U 18031A   19230.90337270 -.00000024  00000-0  39370-5 0  9996
2 43259  97.9951 307.9238 0005891  87.9807 272.2063 14.76433974 74639
GAOFEN 1-03             
1 43260U 18031B   19230.88079036  .00000007  00000-0  84027-5 0  9997
2 43260  97.9949 307.9264 0005687 151.5777 208.5724 14.76432680 74622
GAOFEN 1-04             
1 43262U 18031D   19230.85812577 -.00000013  00000-0  54555-5 0  9992
2 43262  97.9954 307.8463 0005421  97.8690 262.3130 14.76431823 74618
SENTINEL-3B             
1 43437U 18039A   19230.80963537 -.00000013  00000-0  12763-4 0  9996
2 43437  98.6257 296.8402 0001249  73.0827 287.0491 14.26737864 68445
GAOFEN 5                
1 43461U 18043A   19230.82422080 -.00000038  00000-0  15105-5 0  9994
2 43461  98.1650 167.9487 0000674 281.5394  78.5731 14.57761953 68069
GAOFEN 6                
1 43484U 18048A   19230.82469779 -.00000015  00000-0  52972-5 0  9998
2 43484  98.0155 308.5083 0008589 297.8005  62.2321 14.76486621 65317
GAOFEN 11               
1 43585U 18063A   19230.86160131  .00000305  00000-0  15727-4 0  9998
2 43585  97.4119 309.8094 0017473 197.5987 272.1177 15.23530539 59017
AEOLUS                  
1 43600U 18066A   19230.72033512  .00011427  00000-0  45177-4 0  9995
2 43600  96.7184 236.6472 0003801  84.5169 333.2678 15.86934444 57209
ICESAT-2                
1 43613U 18070A   19230.86683624  .00000679  00000-0  24488-4 0  9993
2 43613  92.0059 339.5919 0003380  86.9470 273.2166 15.28266551 51522
HYSIS                   
1 43719U 18096A   19230.85332706  .00000044  00000-0  12998-4 0  9998
2 43719  97.9447 297.7493 0011585 125.1916 235.0364 14.78658165 38805
KAZSTSAT                
1 43783U 18099AB  19230.76993386 -.00000126  00000-0 -65618-5 0  9990
2 43783  97.7554 301.8605 0010191 111.3332 248.8977 14.93612010 38501
SAUDISAT 5A             
1 43831U 18102A   19230.86667757 -.00000493  00000-0 -27964-4 0  9998
2 43831  97.6034 305.8276 0016200 113.3907 356.8354 15.07909391 38384
SAUDISAT 5B             
1 43833U 18102C   19230.85786512 -.00000613  00000-0 -35283-4 0  9997
2 43833  97.6026 305.9833 0016863 120.8262 342.6417 15.08343724 38385
