AKEBONO (EXOS-D)        
1 19822U 89016A   19230.92957653  .00017252 -76432-8  30331-3 0  9998
2 19822  75.0233  77.1689 1779806  57.6104 318.4828 11.97821585  3096
HST                     
1 20580U 90037B   19230.96852290  .00000346  00000-0  10097-4 0  9994
2 20580  28.4696 166.7376 0002829  69.9625 290.1293 15.09254890410156
POLAR                   
1 23802U 96013A   19227.40372343  .00000201  00000-0  00000+0 0  9993
2 23802  78.6985 254.2592 6641195 293.5043  12.3950  1.29845761112408
SWAS                    
1 25560U 98071A   19230.92064503  .00000020  00000-0  10395-4 0  9991
2 25560  69.8982  67.2794 0005286  67.7811 292.3905 14.93762799123696
ORSTED                  
1 25635U 99008B   19230.83025393  .00000053  00000-0  20557-4 0  9996
2 25635  96.4847 320.9913 0137282 238.8216 119.9463 14.48160698 80672
CXO                     
1 25867U 99040B   19232.69171905  .00000577  00000-0  00000-0 0  9994
2 25867  66.9091 274.2830 7289645 232.7260   0.4139  0.37803331  7923
XMM-NEWTON              
1 25989U 99066A   19231.41102286  .00000061  00000-0  00000-0 0  9990
2 25989  71.0313 330.2508 7537348  94.6911   0.4760  0.50136684 10504
TERRA                   
1 25994U 99068A   19230.85709462  .00000006  00000-0  11317-4 0  9990
2 25994  98.2029 304.4785 0001058 115.7713 244.3579 14.57116512 46109
CLUSTER II-FM7 (SAMBA)  
1 26410U 00041A   19231.26079175 -.00000059  00000-0  00000-0 0  9996
2 26410 131.3555 339.3535 4161440 174.7601 359.6283  0.44193113  9253
CLUSTER II-FM6 (SALSA)  
1 26411U 00041B   19231.20913831  .00000000  00000-0  00000-0 0  9992
2 26411 130.8821 340.4890 5246288 181.8710 359.6488  0.44216618  9293
CLUSTER II-FM5 (RUMBA)  
1 26463U 00045A   19231.53707750 -.00000104  00000-0  00000-0 0  9996
2 26463 134.4903 339.7691 4897603 181.0499 359.6898  0.44214576  9183
CLUSTER II-FM8 (TANGO)  
1 26464U 00045B   19230.20479978 -.00000089  00000-0  00000-0 0  9990
2 26464 131.3505 339.3425 4157626 174.7122 191.7333  0.44219526 56917
ODIN                    
1 26702U 01007A   19230.93904626  .00000382  00000-0  29003-4 0  9990
2 26702  97.5719 247.7546 0009759 220.1108 139.9400 15.07883273 10478
TIMED                   
1 26998U 01055B   19230.94190430  .00000039  00000-0  82660-5 0  9999
2 26998  74.0723 177.3716 0001995 296.2147  63.8829 14.88124963959348
RHESSI                  
1 27370U 02004A   19230.40745904  .00000768  00000-0  29121-4 0  9993
2 27370  38.0319 246.5444 0012001   7.8750 352.2208 15.31711015967677
INTEGRAL                
1 27540U 02048A   19226.00650129  .00000731  00000-0  00000+0 0  9995
2 27540  50.2002 139.3038 8820319 280.5840   3.4358  0.37594384 17233
CORIOLIS                
1 27640U 03001A   19230.93758594 -.00000010  00000-0  15893-4 0  9990
2 27640  98.7318 239.9361 0013951 184.8124 234.5358 14.19015234860393
SORCE                   
1 27651U 03004A   19230.95842268 -.00000058  00000-0  82288-5 0  9994
2 27651  39.9944 222.4040 0022233  46.9197 313.3449 14.89020163898942
MOST                    
1 27843U 03031D   19230.91950118 -.00000029  00000-0  70047-5 0  9995
2 27843  98.7112 237.6412 0008941 246.7012 113.3224 14.20594185836500
SCISAT 1                
1 27858U 03036A   19230.94330075 -.00000022  00000-0  19425-5 0  9999
2 27858  73.9322  63.9377 0008373 333.9237  26.1515 14.77255025862839
SWIFT                   
1 28485U 04047A   19230.60292042  .00000679  00000-0  15900-4 0  9993
2 28485  20.5576 351.6662 0011119 173.0410 187.0179 15.04418214807651
FORMOSAT-3 FM6          
1 29047U 06011A   19230.81447386 -.00000018  00000-0  91089-5 0  9998
2 29047  71.9801   9.7028 0051364 226.7978 132.8863 14.28691390697956
FORMOSAT-3 FM1          
1 29048U 06011B   19230.68546820  .00000059  00000-0  39535-4 0  9998
2 29048  71.9659 281.2366 0043808 185.5690 174.4965 14.28645605700427
FORMOSAT-3 FM5          
1 29049U 06011C   19230.91365677  .00000034  00000-0  29792-4 0  9991
2 29049  72.0197  90.6954 0035895 214.4516 145.4294 14.28731353696241
FORMOSAT-3 FM3          
1 29050U 06011D   19230.51435441  .00000107  00000-0  32895-4 0  9995
2 29050  72.0144 268.6431 0049064 159.4020 200.9126 14.58822010712102
FORMOSAT-3 FM4          
1 29051U 06011E   19230.78004584  .00000024  00000-0  24977-4 0  9995
2 29051  72.0072 353.5953 0066650  89.8219 271.0555 14.28758721698812
FORMOSAT-3 FM2          
1 29052U 06011F   19230.94106791  .00000019  00000-0  23616-4 0  9990
2 29052  72.0338  66.5682 0039978 174.4998 185.6586 14.28858204696343
CLOUDSAT                
1 29107U 06016A   19230.91483673  .00000088  00000-0  26650-4 0  9997
2 29107  98.1906 174.8992 0000308 211.1415 148.9768 14.62325620707963
CALIPSO                 
1 29108U 06016B   19230.91450876  .00000075  00000-0  24151-4 0  9997
2 29108  98.1900 174.7185 0001533  76.1584 283.9788 14.62327821707954
HINODE (SOLAR-B)        
1 29479U 06041A   19230.90551217  .00000010  00000-0  10931-4 0  9996
2 29479  98.1668 239.8996 0015776 241.9787 117.9820 14.65008476689441
SJ-6C                   
1 29505U 06046A   19230.88264417 -.00000228  00000-0 -15632-4 0  9997
2 29505  97.8257 240.5271 0003446  44.0470 316.0997 14.94727666698266
SJ-6D                   
1 29506U 06046B   19230.90028636 -.00000153  00000-0 -91347-5 0  9997
2 29506  97.8447 240.4933 0003170  67.2200 292.9360 14.93455901697864
AGILE                   
1 31135U 07013A   19230.54804672  .00001804  00000-0  21122-4 0  9990
2 31135   2.4688  48.6224 0011742 111.5734 248.5572 15.31702119685356
AIM                     
1 31304U 07015A   19230.88856344  .00000337  00000-0  23004-4 0  9991
2 31304  97.9486  96.5943 0004340 331.1438  28.9552 15.13174338674774
FGRST (GLAST)           
1 33053U 08029A   19230.58110116  .00000407  00000-0  64506-5 0  9998
2 33053  25.5835   9.5846 0012691  90.5517 269.6473 15.11241835617295
WISE                    
1 36119U 09071A   19230.79108065  .00000389  00000-0  16119-4 0  9990
2 36119  97.3677 265.4389 0003670  51.0603 309.0964 15.29685611537391
SDO                     
1 36395U 10005A   19230.23868816 -.00000079  00000-0  00000-0 0  9996
2 36395  29.8221 126.5060 0002305  50.0050 133.5735  1.00269839 35016
CRYOSAT 2               
1 36508U 10013A   19230.93249598  .00000067  00000-0  15785-4 0  9994
2 36508  92.0227  34.1497 0008222 148.1406 212.0300 14.52177508496223
X-SAT                   
1 37389U 11015C   19230.84367299 -.00000037  00000-0  21227-5 0  9991
2 37389  98.4825 292.4478 0015323  97.0465 263.2456 14.24375394433065
GCOM-W1 (SHIZUKU)       
1 38337U 12025A   19230.81623514 -.00000004  00000-0  91414-5 0  9998
2 38337  98.2059 170.1290 0001893 123.7750 288.9471 14.57122512385796
NUSTAR                  
1 38358U 12031A   19230.41646353  .00000849  00000-0  15024-4 0  9998
2 38358   6.0273 317.3529 0011973 190.9144 169.0725 14.88176317390644
RBSP A                  
1 38752U 12046A   19230.39594809  .00006670  00000-0  65887-3 0  9996
2 38752   9.6604 175.7942 6948255 148.2892 284.2895  2.73347807 68205
RBSP B                  
1 38753U 12046B   19229.97831892  .00011208  00000-0  89656-3 0  9998
2 38753   9.7135 190.7322 6962274 119.8128 325.6875  2.71959753 67662
NEOSSAT                 
1 39089U 13009D   19230.57689258  .00000030  00000-0  25869-4 0  9994
2 39089  98.4916  73.1155 0012382 108.2996 251.9538 14.34471252338988
IRIS                    
1 39197U 13033A   19230.91200237  .00000037  00000-0  12207-4 0  9994
2 39197  97.9514  51.5145 0028829 129.5863 230.7901 14.78649531331221
HISAKI (SPRINT-A)       
1 39253U 13049A   19230.56005858  .00000162  00000-0  13212-3 0  9992
2 39253  29.7207 298.4178 0137393 319.5115  39.5303 13.55217751293791
CASSIOPE                
1 39265U 13055A   19230.92627349  .00001871  00000-0  51325-4 0  9993
2 39265  80.9666 271.3288 0668546 109.1061 258.3708 14.27796780304467
STSAT-3                 
1 39422U 13066G   19230.85663186 -.00000127  00000-0 -76789-5 0  9998
2 39422  97.5523 272.9583 0024267 121.5868 238.7692 14.89748243311935
SWARM B                 
1 39451U 13067A   19230.90253548  .00000212  00000-0  78166-5 0  9998
2 39451  87.7545  10.7623 0001532  77.7852 282.3565 15.21588141303807
SWARM A                 
1 39452U 13067B   19230.92631581  .00000585  00000-0  11817-4 0  9990
2 39452  87.3447 241.0933 0003387  95.7338 264.4305 15.43969577322340
SWARM C                 
1 39453U 13067C   19230.92622122  .00000571  00000-0  11499-4 0  9993
2 39453  87.3448 242.5300 0003391  95.9031 264.2613 15.43969128322301
BRITE-TORONTO           
1 40020U 14033L   19230.80918954  .00000011  00000-0  10513-4 0  9992
2 40020  97.7436  71.2441 0086564 322.4209  37.0966 14.66582745276255
OCO 2                   
1 40059U 14035A   19230.87194481  .00000005  00000-0  11199-4 0  9998
2 40059  98.2051 170.9054 0001381  89.8761 270.2596 14.57115890272815
BRITE-PL 2              
1 40119U 14049B   19230.79211418  .00000038  00000-0  10988-4 0  9992
2 40119  97.9049 320.8955 0017993  25.9600 334.2513 14.84417313270644
RESURS P2               
1 40360U 14087A   19230.86779537  .00000289  00000-0  11367-4 0  9991
2 40360  97.2593 320.4286 0009174 181.7386 288.6796 15.33169691259792
MMS 1                   
1 40482U 15011A   19229.97487269 -.00001692  00000-0  00000-0 0  9990
2 40482  16.8344 119.2146 8972830  14.8523 105.1379  0.28590150 10344
MMS 2                   
1 40483U 15011B   19230.43820403 -.00001667  00000-0  00000-0 0  9997
2 40483  16.8390 119.1972 8968202  14.8614 152.7992  0.28589477 10328
MMS 3                   
1 40484U 15011C   19225.10068287 -.00002240  00000-0  00000+0 0  9997
2 40484  16.3799 118.9778 8990547  14.8408 324.7446  0.28556806 10309
MMS 4                   
1 40485U 15011D   19225.09947917 -.00002240  00000-0  00000+0 0  9992
2 40485  16.3736 118.8896 8990559  14.9218 324.6088  0.28571094 10312
ASTROSAT                
1 40930U 15052A   19230.76244272  .00000705  00000-0  99158-5 0  9997
2 40930   5.9976 346.8650 0009176 291.6470  68.2680 14.76263384210263
DAMPE                   
1 41173U 15078A   19230.86650704 -.00000043  00000-0  11081-5 0  9992
2 41173  97.3068 227.2547 0012438 237.3897 239.3830 15.23804681204166
PISAT                   
1 41784U 16059B   19230.72562649  .00000043  00000-0  17360-4 0  9999
2 41784  98.0643 289.6998 0031835 187.5538 172.5189 14.63445121154480
HXMT (HUIYAN)           
1 42758U 17034A   19230.79771447 -.00000095  00000-0  78327-5 0  9999
2 42758  43.0181 261.5761 0012074 278.8553 252.5069 15.08631082120001
FLYING LAPTOP           
1 42831U 17042G   19230.93672549  .00000022  00000-0  76087-5 0  9999
2 42831  97.5569 121.3257 0013119 211.3565 148.6873 14.91021689114060
PICSAT                  
1 43132U 18004X   19230.91302940  .00000698  00000-0  32093-4 0  9993
2 43132  97.4845 298.6020 0010876  47.3332 312.8820 15.23667647 88820
ZHANGZHENG-1 (CSES)     
1 43194U 18015C   19230.90580047  .00000416  00000-0  21806-4 0  9996
2 43194  97.4016 355.5695 0017467  95.3520  18.5233 15.21002997 85525
